1,059
2,127
121
726
1,084
939
469
823
562
627
647
384
964
732
2,530
612
533
1,064
519
463
676
476
705
677
1,155
420
464
613
378
158
376
449
509
856
2,546
635
520
473
1,797
370
594
547
417
1,533
377
815
561
1,002
565
324
1,174
547
1,052
635
587
888
543
733
509
583
551
1,048
651
1,098
902
2,615
1,014
824
762
647
356
569
778
568
607
771
596
1,086
794
1,114
615
415
745
1,946
905
2,020
482
934
473
660
1,502
496
668
1,105
538
1,214
480
408
733
514
119
778
730
715
459
551
187
3,501
554
882
908
520
737
1,270
260
2,773
2,046
464
546
878
680
2,292
1,277
526
682
595
1,382
463
2,320
768
688
152
2,583
876
420
1,088
1,061
795
434
143
713
1,613
1,116
852
861
929
556
610
692
600
849
2,243
413
433
614
551
1,966
891
1,289
716
823
822
497
927
679
1,902
594
89
569
555
553
669
809
624
1,247
2,132
1,454
589
1,146
401
602
549
2,213
3,139
498
825
898
1,802
502
826
335
897
318
2,666
612
768
938
556
738
703
657
2,459
582
363
619
773